360.000000	1.194000  
360.500000	1.271574  
361.000000	1.351891  
361.500000	1.437136  
362.000000	1.529613  
362.500000	1.630915  
363.000000	1.742943  
363.500000	1.867668  
364.000000	2.006733  
364.500000	2.161310  
365.000000	2.330897  
365.500000	2.515018  
366.000000	2.713526  
366.500000	2.927356  
367.000000	3.157433  
367.500000	3.403542  
368.000000	3.665063  
368.500000	3.942831  
369.000000	4.236764  
369.500000	4.548162  
370.000000	4.877211  
370.500000	5.223537  
371.000000	5.587625  
371.500000	5.970716  
372.000000	6.372107  
372.500000	6.791628  
373.000000	7.230000  
373.500000	7.686883  
374.000000	8.160286  
374.500000	8.648894  
375.000000	9.152937  
375.500000	9.671929  
376.000000	10.204994 
376.500000	10.751461 
377.000000	11.311323 
377.500000	11.884084 
378.000000	12.469252 
378.500000	13.066726 
379.000000	13.675172 
379.500000	14.295228 
380.000000	14.927664 
380.500000	15.571871 
381.000000	16.227700 
381.500000	16.894909 
382.000000	17.571891 
382.500000	18.258061 
383.000000	18.952325 
383.500000	19.653060 
384.000000	20.358356 
384.500000	21.066904 
385.000000	21.776515 
385.500000	22.485697 
386.000000	23.193909 
386.500000	23.899510 
387.000000	24.602044 
387.500000	25.299142 
388.000000	25.990775 
388.500000	26.677667 
389.000000	27.360351 
389.500000	28.039054 
390.000000	28.714430 
390.500000	29.384695 
391.000000	30.051317 
391.500000	30.714225 
392.000000	31.373760 
392.500000	32.030168 
393.000000	32.682391 
393.500000	33.329143 
394.000000	33.967170 
394.500000	34.598154 
395.000000	35.220646 
395.500000	35.832963 
396.000000	36.433366 
396.500000	37.021780 
397.000000	37.596400 
397.500000	38.158210 
398.000000	38.705644 
398.500000	39.239164 
399.000000	39.756976 
399.500000	40.261215 
400.000000	40.751078 
400.500000	41.226833 
401.000000	41.690634 
401.500000	42.141957 
402.000000	42.578760 
402.500000	42.999540 
403.000000	43.405635 
403.500000	43.797319 
404.000000	44.173168 
404.500000	44.532635 
405.000000	44.877206 
405.500000	45.204990 
406.000000	45.519484 
406.500000	45.821311 
407.000000	46.109826 
407.500000	46.385052 
408.000000	46.648440 
408.500000	46.899405 
409.000000	47.139509 
409.500000	47.369646 
410.000000	47.589851 
410.500000	47.798886 
411.000000	47.995074 
411.500000	48.178240 
412.000000	48.349300 
412.500000	48.506171 
413.000000	48.646220 
413.500000	48.770940 
414.000000	48.877691 
414.500000	48.968210 
415.000000	49.046536 
415.500000	49.109989 
416.000000	49.158932 
416.500000	49.195882 
417.000000	49.220729 
417.500000	49.234969 
418.000000	49.237062 
418.500000	49.228154 
419.000000	49.207388 
419.500000	49.173839 
420.000000	49.126935 
420.500000	49.069321 
421.000000	48.999585 
421.500000	48.913637 
422.000000	48.813319 
422.500000	48.695729 
423.000000	48.558977 
423.500000	48.407316 
424.000000	48.238810 
424.500000	48.051930 
425.000000	47.849842 
425.500000	47.631339 
426.000000	47.398867 
426.500000	47.149943 
427.000000	46.886123 
427.500000	46.609155 
428.000000	46.317824 
428.500000	46.010808 
429.000000	45.692388 
429.500000	45.362385 
430.000000	45.019862 
430.500000	44.667052 
431.000000	44.305578 
431.500000	43.933076 
432.000000	43.553322 
432.500000	43.165552 
433.000000	42.766005 
433.500000	42.358965 
434.000000	41.944867 
434.500000	41.525567 
435.000000	41.099125 
435.500000	40.665337 
436.000000	40.227208 
436.500000	39.783395 
437.000000	39.332136 
437.500000	38.874511 
438.000000	38.409857 
438.500000	37.938351 
439.000000	37.462213 
439.500000	36.983560 
440.000000	36.500118 
440.500000	36.015217 
441.000000	35.530750 
441.500000	35.042625 
442.000000	34.551494 
442.500000	34.057366 
443.000000	33.562581 
443.500000	33.066914 
444.000000	32.569993 
444.500000	32.076486 
445.000000	31.587117 
445.500000	31.100040 
446.000000	30.613261 
446.500000	30.128281 
447.000000	29.645783 
447.500000	29.166828 
448.000000	28.692719 
448.500000	28.221738 
449.000000	27.756576 
449.500000	27.299855 
450.000000	26.848908 
450.500000	26.402198 
451.000000	25.958912 
451.500000	25.519178 
452.000000	25.083489 
452.500000	24.650750 
453.000000	24.223465 
453.500000	23.802668 
454.000000	23.386541 
454.500000	22.972296 
455.000000	22.562563 
455.500000	22.156673 
456.000000	21.755267 
456.500000	21.359021 
457.000000	20.966460 
457.500000	20.578401 
458.000000	20.197684 
458.500000	19.824405 
459.000000	19.458229 
459.500000	19.097744 
460.000000	18.742987 
460.500000	18.394408 
461.000000	18.052415 
461.500000	17.716516 
462.000000	17.389167 
462.500000	17.068952 
463.000000	16.754067 
463.500000	16.445124 
464.000000	16.143982 
464.500000	15.849599 
465.000000	15.562989 
465.500000	15.282547 
466.000000	15.008689 
466.500000	14.742044 
467.000000	14.481032 
467.500000	14.226449 
468.000000	13.977764 
468.500000	13.734569 
469.000000	13.496636 
469.500000	13.264481 
470.000000	13.037436 
470.500000	12.815718 
471.000000	12.598800 
471.500000	12.386573 
472.000000	12.178431 
472.500000	11.975651 
473.000000	11.776660 
473.500000	11.582959 
474.000000	11.393927 
474.500000	11.209950 
475.000000	11.031299 
475.500000	10.856665 
476.000000	10.686496 
476.500000	10.520643 
477.000000	10.358535 
477.500000	10.199679 
478.000000	10.044796 
478.500000	9.893986  
479.000000	9.746616  
479.500000	9.602591  
480.000000	9.462421  
480.500000	9.325802  
481.000000	9.192510  
481.500000	9.061573  
482.000000	8.932895  
482.500000	8.806970  
483.000000	8.683155  
483.500000	8.562496  
484.000000	8.443530  
484.500000	8.326174  
485.000000	8.211430  
485.500000	8.098329  
486.000000	7.986325  
486.500000	7.874962  
487.000000	7.764948  
487.500000	7.656140  
488.000000	7.548232  
488.500000	7.442861  
489.000000	7.341193  
489.500000	7.241982  
490.000000	7.145271  
490.500000	7.050595  
491.000000	6.958750  
491.500000	6.869420  
492.000000	6.783056  
492.500000	6.699136  
493.000000	6.617811  
493.500000	6.539665  
494.000000	6.463927  
494.500000	6.390117  
495.000000	6.317454  
495.500000	6.245337  
496.000000	6.173377  
496.500000	6.100851  
497.000000	6.029492  
497.500000	5.959468  
498.000000	5.889669  
498.500000	5.820039  
499.000000	5.750215  
499.500000	5.680955  
500.000000	5.612753  
500.500000	5.545249  
501.000000	5.477544  
501.500000	5.410910  
502.000000	5.345600  
502.500000	5.281921  
503.000000	5.219922  
503.500000	5.159513  
504.000000	5.100159  
504.500000	5.041477  
505.000000	4.983139  
505.500000	4.925928  
506.000000	4.869534  
506.500000	4.813935  
507.000000	4.758718  
507.500000	4.703809  
508.000000	4.649480  
508.500000	4.596899  
509.000000	4.544926  
509.500000	4.493167  
510.000000	4.442466  
510.500000	4.391733  
511.000000	4.341639  
511.500000	4.291947  
512.000000	4.242981  
512.500000	4.194210  
513.000000	4.145868  
513.500000	4.098305  
514.000000	4.050687  
514.500000	4.002569  
515.000000	3.954480  
515.500000	3.906136  
516.000000	3.857459  
516.500000	3.808600  
517.000000	3.760626  
517.500000	3.713176  
518.000000	3.665795  
518.500000	3.619205  
519.000000	3.573006  
519.500000	3.527915  
520.000000	3.483302  
520.500000	3.439386  
521.000000	3.395808  
521.500000	3.353438  
522.000000	3.312766  
522.500000	3.272347  
523.000000	3.232095  
523.500000	3.192177  
524.000000	3.152686  
524.500000	3.113631  
525.000000	3.074608  
525.500000	3.036171  
526.000000	2.998111  
526.500000	2.960034  
527.000000	2.922306  
527.500000	2.884986  
528.000000	2.848314  
528.500000	2.811482  
529.000000	2.774654  
529.500000	2.737665  
530.000000	2.701444  
530.500000	2.666256  
531.000000	2.631133  
531.500000	2.596716  
532.000000	2.562978  
532.500000	2.529988  
533.000000	2.497798  
533.500000	2.466423  
534.000000	2.436243  
534.500000	2.407196  
535.000000	2.378765  
535.500000	2.350910  
536.000000	2.323368  
536.500000	2.296140  
537.000000	2.268676  
537.500000	2.241023  
538.000000	2.213031  
538.500000	2.185078  
539.000000	2.157072  
539.500000	2.128071  
540.000000	2.098791  
540.500000	2.069398  
541.000000	2.040329  
541.500000	2.011596  
542.000000	1.983194  
542.500000	1.956143  
543.000000	1.929975  
543.500000	1.905342  
544.000000	1.882211  
544.500000	1.859879  
545.000000	1.838239  
545.500000	1.817348  
546.000000	1.797181  
546.500000	1.777426  
547.000000	1.757807  
547.500000	1.738256  
548.000000	1.717911  
548.500000	1.697218  
549.000000	1.675996  
549.500000	1.654601  
550.000000	1.632904  
550.500000	1.610690  
551.000000	1.589356  
551.500000	1.568217  
552.000000	1.548131  
552.500000	1.529163  
553.000000	1.511091  
553.500000	1.493354  
554.000000	1.476409  
554.500000	1.460382  
555.000000	1.444945  
555.500000	1.429750  
556.000000	1.414937  
556.500000	1.399912  
557.000000	1.384867  
557.500000	1.369204  
558.000000	1.353425  
558.500000	1.337219  
559.000000	1.320242  
559.500000	1.303456  
560.000000	1.286440  
560.500000	1.269812  
561.000000	1.253798  
561.500000	1.238609  
562.000000	1.223654  
562.500000	1.209043  
563.000000	1.195346  
563.500000	1.182184  
564.000000	1.169042  
564.500000	1.156057  
565.000000	1.143207  
565.500000	1.130329  
566.000000	1.117045  
566.500000	1.103779  
567.000000	1.090492  
567.500000	1.076905  
568.000000	1.063236  
568.500000	1.049437  
569.000000	1.035705  
569.500000	1.022199  
570.000000	1.009177  
570.500000	0.996244  
571.000000	0.983383  
571.500000	0.971088  
572.000000	0.958943  
572.500000	0.946734  
573.000000	0.934752  
573.500000	0.923152  
574.000000	0.911295  
574.500000	0.898843  
575.000000	0.886021  
575.500000	0.873203  
576.000000	0.860619  
576.500000	0.848028  
577.000000	0.835439  
577.500000	0.823024  
578.000000	0.810859  
578.500000	0.799129  
579.000000	0.787652  
579.500000	0.776489  
580.000000	0.765970  
580.500000	0.755627  
581.000000	0.745943  
581.500000	0.737189  
582.000000	0.729647  
582.500000	0.722581  
583.000000	0.715927  
583.500000	0.709634  
584.000000	0.703795  
584.500000	0.698564  
585.000000	0.693626  
585.500000	0.688865  
586.000000	0.684330  
586.500000	0.680104  
587.000000	0.675920  
587.500000	0.671490  
588.000000	0.667010  
588.500000	0.662172  
589.000000	0.656488  
589.500000	0.650380  
590.000000	0.644136  
590.500000	0.638218  
591.000000	0.632019  
591.500000	0.625634  
592.000000	0.619119  
592.500000	0.612225  
593.000000	0.605091  
593.500000	0.597618  
594.000000	0.589590  
594.500000	0.581162  
595.000000	0.572683  
595.500000	0.563930  
596.000000	0.554941  
596.500000	0.546008  
597.000000	0.536743  
597.500000	0.527129  
598.000000	0.517362  
598.500000	0.507685  
599.000000	0.498691  
599.500000	0.490107  
600.000000	0.481958  
600.500000	0.474618  
601.000000	0.467920  
601.500000	0.462086  
602.000000	0.456983  
602.500000	0.452242  
603.000000	0.448093  
603.500000	0.444518  
604.000000	0.441360  
604.500000	0.438626  
605.000000	0.436449  
605.500000	0.434515  
606.000000	0.432661  
606.500000	0.430675  
607.000000	0.428421  
607.500000	0.426300  
608.000000	0.424121  
608.500000	0.421875  
609.000000	0.419684  
609.500000	0.417346  
610.000000	0.415243  
610.500000	0.412913  
611.000000	0.410071  
611.500000	0.407002  
612.000000	0.403045  
612.500000	0.398444  
613.000000	0.393300  
613.500000	0.387689  
614.000000	0.381588  
614.500000	0.374623  
615.000000	0.367030  
615.500000	0.358598  
616.000000	0.349665  
616.500000	0.340132  
617.000000	0.330470  
617.500000	0.321102  
618.000000	0.311993  
618.500000	0.303826  
619.000000	0.296388  
619.500000	0.290058  
620.000000	0.285024  
620.500000	0.280871  
621.000000	0.277904  
621.500000	0.276282  
622.000000	0.276011  
622.500000	0.277100  
623.000000	0.278963  
623.500000	0.281707  
624.000000	0.284750  
624.500000	0.287972  
625.000000	0.290861  
625.500000	0.293669  
626.000000	0.296434  
626.500000	0.298815  
627.000000	0.300835  
627.500000	0.302117  
628.000000	0.302964  
628.500000	0.303333  
629.000000	0.303097  
629.500000	0.302375  
630.000000	0.301271  
630.500000	0.299965  
631.000000	0.298391  
631.500000	0.296567  
632.000000	0.294599  
632.500000	0.292100  
633.000000	0.289380  
633.500000	0.286336  
634.000000	0.283470  
634.500000	0.281088  
635.000000	0.279205  
635.500000	0.277961  
636.000000	0.277315  
636.500000	0.277505  
637.000000	0.278384  
637.500000	0.280089  
638.000000	0.282623  
638.500000	0.285952  
639.000000	0.290106  
639.500000	0.294799  
640.000000	0.300000  

